All methods:
   Min. 1st Qu.  Median    Mean 3rd Qu.    Max. 
-0.4255  0.9592  0.9875  0.9369  0.9992  1.0000 

          methods Stability    median          SD      ymax      ymin           SE ErrRate
1        GMPR+glm 0.9992191 0.9998995 0.003697881 0.9995150 0.9989232 1.509654e-04       0
2      Wrench+glm 0.9992115 0.9998711 0.003118851 0.9994610 0.9989619 1.273265e-04       0
3   Wrench+DESeq2 0.9995556 0.9998340 0.000883009 0.9996263 0.9994849 3.604869e-05       0
4     GMPR+DESeq2 0.9994938 0.9998248 0.001145521 0.9995855 0.9994021 4.676572e-05       0
5      TSS+Wilcox 0.9878183 0.9996515 0.046935535 0.9915739 0.9840627 1.916135e-03       0
6     GMPR+Wilcox 0.9879625 0.9996509 0.042215159 0.9913404 0.9845846 1.723427e-03       0
7   Wrench+Wilcox 0.9914448 0.9995911 0.034111772 0.9941743 0.9887153 1.392607e-03       0
8   Rarefy+Wilcox 0.9683831 0.9989113 0.096243850 0.9760842 0.9606820 3.929139e-03       0
9     Wrench+MSeq 0.9697627 0.9978937 0.069500875 0.9753239 0.9642015 2.837361e-03       0
10   eBay(t-test) 0.9801022 0.9936936 0.044774849 0.9836850 0.9765195 1.827926e-03       0
11 Aldex2(Wilcox) 0.9880419 0.9911759 0.010671079 0.9888958 0.9871880 4.356450e-04       0
12        corncob 0.9750816 0.9907165 0.052764936 0.9793036 0.9708595 2.154119e-03       0
13       MaAsLin2 0.9759539 0.9905171 0.052924092 0.9801888 0.9717191 2.160617e-03       0
14        Omnibus 0.9633419 0.9882967 0.060052317 0.9681471 0.9585368 2.451626e-03       0
15  metagenomeSeq 0.9510494 0.9853132 0.084458914 0.9578075 0.9442913 3.448021e-03       0
16 Aldex2(t-test) 0.9802439 0.9828125 0.011870760 0.9811937 0.9792940 4.846218e-04       0
17            LDM 0.9665634 0.9813563 0.056279571 0.9710667 0.9620601 2.297604e-03       0
18   Wrench+edgeR 0.9759637 0.9777461 0.011501378 0.9768840 0.9750434 4.695418e-04       0
19   eBay(Wilcox) 0.9569186 0.9770704 0.060927262 0.9617938 0.9520434 2.487345e-03       0
20     GMPR+edgeR 0.9744460 0.9769347 0.012046771 0.9754099 0.9734821 4.918073e-04       0
21        ZicoSeq 0.9470915 0.9703718 0.065294178 0.9523161 0.9418669 2.665624e-03       0
22       ANCOM-BC 0.9344928 0.9646734 0.087145799 0.9414659 0.9275196 3.557712e-03       0
23          edgeR 0.9460428 0.9502234 0.028682205 0.9483379 0.9437478 1.170946e-03       0
24         DESeq2 0.8849335 0.8891400 0.040552165 0.8881783 0.8816886 1.655535e-03       0
25          RAIDA 0.5275300 0.5526027 0.225113027 0.5455428 0.5095172 9.190201e-03       0
26         DACOMP 0.5286563 0.5285690 0.104394761 0.5370097 0.5203030 4.261898e-03       0

DACOMP: 
   Min. 1st Qu.  Median    Mean 3rd Qu.    Max. 
0.05677 0.46036 0.52857 0.52866 0.60578 0.78083 
RAIDA: 
   Min. 1st Qu.  Median    Mean 3rd Qu.    Max. 
-0.4255  0.3892  0.5526  0.5275  0.6962  0.9499 
